CN=Liu Fang, OU=Packaging, O=Shanghai University, L=ZB, ST=Shanghai, C=CN
Owns PublicKey:
48,-127,-97,48,13,6,9,42,-122,72,-122,-9,13,1,1,1,5,0,3,-127,-115,0,48,-127,-119,2,-127,-127,0,-84,-112,16,-77,-7,4,35,-41,66,-60,-46,126,53,86,105,-95,72,2,72,-26,-29,-41,17,-104,-76,-126,-125,92,110,-116,104,98,-55,-78,-41,31,51,16,72,-91,-38,-17,-94,94,107,-8,-20,32,-49,-60,-10,-12,-25,-109,44,-32,18,-9,-71,-123,-49,-116,-51,-81,120,-32,96,84,-108,36,90,85,117,12,-116,106,-77,12,-64,-93,-125,55,-17,28,-39,127,77,67,-59,90,-80,112,-81,-67,104,17,-41,-118,71,79,46,83,-47,109,-123,-50,-74,-3,-1,-65,5,99,-17,-16,112,49,-97,-75,34,-128,84,121,93,-12,-65,76,72,-113,2,3,1,0,1,
Issued by CN=Xu Yingxiao, OU=Network Center, O=Shanghai University, L=ZB, ST=Shanghai, C=CN
--------------------
CN=Xu Yingxiao, OU=Network Center, O=Shanghai University, L=ZB, ST=Shanghai, C=CN
Owns PublicKey:
48,-127,-97,48,13,6,9,42,-122,72,-122,-9,13,1,1,1,5,0,3,-127,-115,0,48,-127,-119,2,-127,-127,0,-22,106,19,77,-35,117,16,-4,36,-73,71,117,-63,-77,-79,26,92,113,51,13,8,62,-51,-7,93,88,32,112,53,-29,71,-43,109,67,-127,-123,-52,105,-14,69,35,37,79,-73,75,15,111,112,-91,122,-128,-59,82,127,-97,-81,-10,70,-15,-111,-122,29,17,109,-81,57,102,-77,-80,-123,-65,-58,117,58,-11,126,74,112,-55,27,57,-9,90,106,4,-3,-121,-110,-70,-92,-108,-124,-46,50,112,-22,-50,49,64,-73,-80,3,88,31,65,-113,-110,-13,-92,-22,-14,-17,-35,-126,-39,108,-84,57,-26,-71,-55,7,-90,21,-96,108,-80,-21,2,3,1,0,1,
Issued by CN=Xu Yingxiao, OU=Network Center, O=Shanghai University, L=ZB, ST=Shanghai, C=CN
--------------------
