版本号 1
序列号 3deec043
全名 CN=Xu Yingxiao, OU=Network Center, O=Shanghai University, L=ZB, ST=Shanghai, C=CN
签发者全名
CN=Xu Yingxiao, OU=Network Center, O=Shanghai University, L=ZB, ST=Shanghai, C=CN
有效期起始日 Thu Dec 05 10:56:03 CST 2002
有效期截至日 Sun Nov 17 10:56:03 CST 2013
签名算法 MD5withRSA
签名
-412a0cc301ace9f123015fe3830e50ce0cc4f3c9d1e2cde0784c4be27d44b54421a2ca6f435730bdba9e12c2e6208254ba0db5e63e94e6f108133139e5bf60569473b625337a9826376e9824cc94b8698f296e96dbbc2a7e93623a62b2bfdcfe9a8d49d804e40c70b5e9f4ce1d14e6bdaf388f9d91035b89fcc1dd83d9ffb813
公钥
48,-127,-97,48,13,6,9,42,-122,72,-122,-9,13,1,1,1,5,0,3,-127,-115,0,48,-127,-119,2,-127,-127,0,-22,106,19,77,-35,117,16,-4,36,-73,71,117,-63,-77,-79,26,92,113,51,13,8,62,-51,-7,93,88,32,112,53,-29,71,-43,109,67,-127,-123,-52,105,-14,69,35,37,79,-73,75,15,111,112,-91,122,-128,-59,82,127,-97,-81,-10,70,-15,-111,-122,29,17,109,-81,57,102,-77,-80,-123,-65,-58,117,58,-11,126,74,112,-55,27,57,-9,90,106,4,-3,-121,-110,-70,-92,-108,-124,-46,50,112,-22,-50,49,64,-73,-80,3,88,31,65,-113,-110,-13,-92,-22,-14,-17,-35,-126,-39,108,-84,57,-26,-71,-55,7,-90,21,-96,108,-80,-21,2,3,1,0,1,